2,6
2,4
2,2
2,12
1,8
2,1
1,7
2,106
1,6
2,3
1,5
2,0
1,4
4,1
1,3
4,3
1,2
1,1
4,0
1,0
0,501
0,495
0,491
0,488
0,480
0,474
0,473
0,467
0,462
0,458
0,457
0,456
0,454
0,451
0,449
0,448
0,447
0,443
0,441
0,438
0,435
0,428
0,427
0,426
0,425
0,424
0,422
0,421
0,420
0,417
0,416
0,415
0,411
0,409
0,408
0,407
0,406
0,402
0,374
0,364
0,361
0,360
0,358
0,357
0,356
0,353
0,352
0,351
0,338
0,337
0,329
0,325
0,323
0,322
0,320
0,319
0,315
0,314
0,312
0,311
0,243
64,11
538,1
538,3
0,363
0,370
538,0
64,1
64,3
64,0
63,7
63,1
63,3
0,445
0,375
63,0
0,321
0,9
0,310
0,305
0,354
0,349
0,324
0,481
0,459
0,455
0,450
0,446
0,434
0,369
0,453
0,466
0,499
0,460
0,452
0,461
0,334
0,308
0,304
0,303
0,302
0,307
0,444
0,12
0,373
0,10
0,477
0,8
0,0
0,377
0,300
0,507
0,299
0,333
0,298
0,423
0,297
0,465
0,296
0,497
0,295
0,332
0,294
0,378
0,293
0,292
0,330
0,291
0,398
0,290
0,318
0,289
0,440
0,288
0,412
0,287
0,419
0,286
0,413
0,285
0,476
0,284
0,442
0,283
0,371
0,282
0,328
0,281
0,418
0,280
0,279
0,508
0,278
2,7
2,8
2,10
2,11
2,14
2,15
2,17
2,19
2,20
2,22
2,23
2,25
2,27
2,28
2,30
2,31
2,33
2,34
2,64
2,66
2,67
2,69
2,70
2,72
2,74
2,75
2,77
2,78
2,80
2,81
2,83
2,85
2,86
2,88
2,89
2,91
2,93
2,94
2,96
2,97
2,99
2,100
2,102
2,104
2,105
2,108
2,109
2,111
2,113
2,114
2,116
2,117
2,119
2,121
2,122
2,124
2,125
2,129
2,130
2,132
2,134
2,135
3,1
3,2
3,4
3,6
4,2
24,1
24,3
24,5
24,6
24,8
25,0
25,1
25,4
25,5
25,7
25,9
25,10
25,12
25,13
25,15
25,16
25,18
25,20
25,21
25,23
25,24
25,26
26,1
26,3
26,5
26,6
26,8
26,10
26,15
26,19
26,20
26,22
26,23
27,0
27,3
27,4
27,6
27,7
27,9
27,11
27,14
27,20
27,21
27,23
27,24
28,0
28,2
28,3
28,5
28,6
28,8
28,10
28,11
28,13
28,14
29,1
29,2
29,4
29,6
30,0
30,3
30,4
31,0
31,3
31,4
32,1
32,3
33,0
33,1
33,4
34,0
34,1
34,4
35,0
35,3
36,1
36,3
36,5
36,6
37,1
37,4
37,5
37,7
38,0
38,2
38,3
38,5
38,7
38,8
39,0
39,1
39,4
40,0
40,1
40,4
41,0
41,3
41,4
42,1
42,4
42,5
43,1
43,3
43,5
44,1
44,3
44,5
45,0
45,3
45,4
45,6
45,10
45,11
45,14
46,0
46,3
47,1
47,3
48,1
48,3
49,1
50,0
50,1
50,4
50,5
51,0
51,1
51,4
51,7
52,0
52,3
52,5
53,1
53,4
53,5
54,1
54,3
55,0
55,1
56,0
56,3
56,4
57,0
57,1
57,3
57,5
57,6
58,0
58,1
58,4
58,5
59,0
59,3
59,5
60,0
60,1
60,4
61,0
61,1
61,4
62,0
62,3
62,4
63,4
63,6
63,8
64,4
64,5
64,7
64,9
64,10
64,13
64,14
64,16
64,18
65,0
65,2
65,3
65,5
66,0
66,2
66,4
66,5
67,0
67,1
68,0
68,3
68,4
69,1
69,3
70,1
70,3
71,1
72,0
72,1
73,0
73,1
74,0
74,3
75,0
75,3
76,0
76,3
76,6
77,0
77,3
77,5
78,1
78,2
78,4
78,6
79,0
79,3
80,0
80,3
80,5
80,6
80,8
80,9
80,11
80,12
81,1
82,0
82,1
83,0
83,1
84,0
84,3
85,0
85,3
85,4
85,6
85,7
85,9
86,0
86,1
86,4
86,5
86,7
86,9
86,10
86,12
86,13
86,15
86,16
86,19
86,22
86,23
86,25
86,30
86,32
86,34
86,35
86,38
86,39
86,41
87,1
87,3
87,5
87,6
88,1
88,3
89,0
89,3
90,0
90,3
91,0
91,3
92,0
92,1
92,4
92,5
93,0
93,1
94,0
94,3
94,4
95,1
95,3
96,1
96,4
96,5
97,1
97,3
97,5
98,0
98,3
99,1
99,3
100,1
100,3
101,1
102,0
102,1
103,0
103,1
104,0
104,1
105,0
105,3
106,0
106,3
107,0
107,3
108,1
108,3
109,1
109,3
110,1
111,0
111,1
112,0
112,1
113,0
113,1
114,0
114,3
115,0
115,3
116,0
116,3
117,1
117,3
118,0
118,1
119,0
119,1
119,4
120,1
120,3
121,1
121,3
121,5
122,1
122,3
122,5
123,0
123,2
123,3
123,5
124,1
124,2
124,4
124,5
124,7
124,9
124,10
124,12
125,0
125,3
125,5
125,6
126,0
126,1
127,0
127,1
127,3
127,5
127,6
127,8
127,9
128,1
128,3
128,4
128,6
128,7
128,9
128,10
129,0
129,3
130,0
130,3
131,0
131,3
132,1
132,3
133,1
133,3
134,0
134,1
134,4
134,7
135,0
135,3
136,0
136,3
136,5
136,7
137,1
137,3
138,0
138,1
138,5
139,1
139,3
139,6
140,0
140,3
141,1
141,3
142,0
142,1
143,0
143,3
144,0
144,3
144,4
145,1
145,2
145,4
146,0
146,1
146,4
146,5
147,1
148,0
148,1
149,0
149,1
150,0
150,1
151,0
151,3
152,0
152,3
152,4
153,1
154,0
154,1
154,3
154,4
154,6
154,7
154,9
154,11
154,12
154,14
154,15
155,0
155,3
155,4
156,1
156,3
157,1
158,0
158,1
158,5
159,0
159,3
160,0
160,3
161,0
161,1
161,4
162,0
162,2
162,4
162,5
162,7
163,0
163,3
163,4
163,6
164,1
164,3
165,0
165,1
166,0
166,3
166,4
166,6
166,7
166,9
166,10
166,12
166,14
166,15
167,0
167,1
167,4
167,6
167,7
168,1
168,3
169,1
169,3
169,6
170,1
170,3
171,1
171,3
172,1
172,4
172,5
173,1
173,3
174,1
175,0
175,1
175,3
175,4
175,6
175,7
175,9
176,1
176,2
176,4
176,5
177,1
178,0
178,1
179,0
179,1
179,4
179,5
180,1
181,0
181,1
182,0
182,1
183,0
183,3
183,4
184,0
184,1
184,5
185,0
185,3
186,1
186,3
187,0
187,1
188,0
188,3
189,0
189,3
190,0
190,3
191,1
191,3
192,1
192,3
193,1
193,3
194,0
194,3
195,0
195,3
196,0
196,3
197,1
197,3
198,1
198,3
199,1
199,3
200,1
200,4
201,0
201,2
201,3
201,5
202,0
202,1
203,0
203,1
204,0
204,1
205,0
205,3
206,0
206,3
207,0
207,3
208,0
208,1
209,0
209,1
209,4
209,6
210,0
210,3
211,0
211,3
212,0
212,3
213,1
213,3
214,1
214,3
215,1
216,0
216,1
217,0
217,1
218,0
218,1
219,0
219,3
220,0
220,3
221,0
221,3
222,1
222,3
222,5
222,6
223,1
223,3
224,1
225,0
225,1
226,0
226,1
227,0
227,3
227,4
228,0
228,1
228,4
229,0
229,3
230,1
230,3
230,6
231,0
231,3
232,1
232,3
233,1
233,3
234,0
234,3
235,0
235,3
235,4
236,1
236,3
237,1
237,4
238,0
238,3
239,0
239,3
239,6
240,0
240,3
240,4
241,1
241,3
242,1
243,0
243,1
244,0
244,1
245,0
245,3
246,0
246,3
247,0
247,3
248,0
248,3
248,6
249,0
249,3
250,0
250,3
251,1
251,3
252,1
252,3
253,1
254,0
254,1
254,6
255,0
255,3
256,0
256,3
257,1
257,3
258,1
258,3
259,1
260,0
260,1
261,0
261,1
262,0
262,1
263,0
263,3
264,0
264,3
265,0
265,3
266,1
266,3
267,1
267,3
267,5
268,0
268,3
269,1
269,3
270,1
270,3
271,1
272,0
272,1
273,0
273,1
274,0
274,1
275,0
275,3
276,0
276,3
277,0
277,3
278,1
278,3
279,1
279,3
280,1
281,0
281,1
282,0
282,1
283,0
283,1
284,0
284,3
285,0
285,3
286,0
286,3
287,1
287,3
288,1
288,3
289,1
289,3
290,1
291,0
291,1
292,0
292,1
293,0
293,3
294,0
294,3
295,0
295,3
296,0
296,3
297,1
297,3
298,1
298,3
299,0
299,3
300,0
300,3
301,0
301,3
302,1
302,3
303,1
303,3
304,0
304,1
305,0
305,3
306,0
306,3
307,0
307,3
308,1
308,3
309,1
309,3
309,6
310,0
310,3
311,1
311,3
312,1
312,3
313,1
313,4
314,0
314,3
315,0
315,3
315,4
316,1
317,0
317,1
318,0
318,1
318,4
319,1
319,3
320,0
320,1
321,0
321,1
322,0
322,3
322,4
323,1
323,3
324,1
325,0
325,1
326,0
326,1
326,4
327,1
327,3
328,0
328,1
329,0
329,1
330,0
330,3
331,0
331,3
332,0
332,3
333,1
333,3
334,1
334,3
335,0
335,1
335,4
336,1
336,3
337,0
337,1
338,0
338,3
339,0
339,3
339,4
339,6
340,0
340,3
340,6
341,0
341,3
341,4
342,1
342,4
343,0
343,3
343,5
344,1
344,4
344,6
345,1
345,3
346,0
346,1
347,0
347,3
348,0
348,3
349,0
349,3
350,1
350,3
351,1
351,3
352,0
352,1
353,0
353,3
354,0
354,3
354,4
355,1
355,4
356,0
356,3
356,4
357,1
357,3
358,1
359,0
359,1
360,0
360,1
361,0
361,3
362,0
362,3
363,0
363,3
364,1
364,3
365,0
365,1
366,0
366,1
366,5
367,1
367,3
368,1
368,3
369,1
370,0
370,1
371,0
371,1
372,0
372,1
373,0
373,3
373,4
374,1
374,3
375,0
375,3
376,0
376,3
377,0
377,3
378,0
378,3
379,1
379,3
380,1
380,3
381,1
382,0
382,1
383,0
383,1
383,4
384,0
384,3
385,0
385,1
385,4
386,0
386,3
387,1
387,3
388,1
388,3
389,1
390,0
390,1
391,0
391,1
392,0
392,1
393,0
393,3
394,0
394,3
395,0
395,3
396,1
396,3
397,0
397,1
398,0
398,1
398,4
399,1
399,3
400,0
400,1
401,0
401,3
402,0
402,3
403,0
403,3
403,4
404,1
404,4
405,0
405,3
406,0
406,3
407,1
407,3
408,1
408,3
409,0
409,3
410,0
410,3
411,0
411,3
411,4
412,1
413,0
413,1
414,0
414,1
415,0
415,3
416,0
416,3
417,0
417,3
418,0
418,3
419,1
419,3
420,1
420,3
421,1
421,5
422,0
422,3
423,0
423,3
424,0
424,3
425,1
425,3
426,1
426,3
427,1
428,0
428,1
428,4
429,0
429,3
430,0
430,3
431,1
431,3
432,1
432,3
433,1
434,0
434,1
435,0
435,1
436,0
436,3
437,0
437,3
438,0
438,3
439,0
439,3
440,1
440,2
440,4
441,0
441,3
442,1
442,3
442,5
442,6
443,0
443,1
444,0
444,3
445,0
445,3
446,0
446,3
447,1
447,3
448,1
448,3
449,1
449,3
450,1
451,0
451,1
452,0
452,1
453,0
453,3
454,0
454,3
454,4
456,1
465,0
465,1
468,0
468,1
469,0
469,1
470,0
470,3
471,0
471,3
472,0
472,3
473,1
473,3
474,1
474,3
475,1
475,3
476,1
477,0
477,1
478,0
478,1
479,0
479,3
480,0
480,3
481,0
481,3
482,0
482,3
483,1
483,3
484,1
484,3
485,1
486,0
486,1
487,0
487,1
488,0
488,1
489,0
489,3
490,0
490,3
491,0
491,3
491,5
491,6
492,1
492,3
493,1
494,0
494,1
494,4
495,0
495,3
495,4
496,1
497,0
497,1
498,0
498,1
499,0
499,3
500,0
500,3
501,0
501,3
501,5
502,1
502,3
502,4
503,0
503,1
504,0
504,3
504,4
505,0
505,1
506,0
506,1
507,0
507,3
508,0
508,3
509,0
509,3
510,1
510,3
511,1
511,3
512,1
513,0
513,1
514,0
514,1
515,0
515,1
516,0
516,3
517,0
517,3
518,0
518,3
519,1
519,3
520,1
520,3
521,1
521,3
522,1
523,0
523,1
524,0
524,1
525,0
525,3
526,0
526,3
527,0
527,3
528,0
528,2
528,4
528,5
529,0
529,1
529,3
529,5
529,6
529,8
529,9
529,11
529,13
529,14
529,16
529,17
529,19
529,21
529,23
529,28
529,29
529,31
529,38
529,42
529,45
529,46
529,48
529,49
529,51
529,53
529,55
529,57
529,58
529,60
529,61
529,63
529,65
529,66
529,68
529,69
529,71
529,72
529,74
529,76
529,77
529,79
529,80
529,82
529,84
529,85
529,87
529,88
529,129
529,130
529,132
529,134
538,2
538,5
538,6
538,7
538,4
529,133
529,131
529,128
529,86
529,83
529,81
529,78
529,75
529,73
529,70
529,67
529,64
529,62
529,59
529,56
529,54
529,50
529,47
529,44
529,40
529,30
529,24
529,22
529,18
529,15
529,12
529,10
529,7
529,4
529,2
528,6
528,3
528,1
527,1
526,1
525,1
524,3
523,3
522,3
522,0
521,0
520,0
519,0
518,1
517,1
516,1
515,3
514,3
513,3
512,3
512,0
511,0
510,0
509,1
508,1
507,1
506,3
505,3
504,5
504,1
503,3
502,5
502,2
502,0
501,1
500,1
499,1
498,3
497,3
496,3
496,0
495,1
494,3
493,3
493,0
492,0
491,4
491,1
490,1
489,1
488,3
487,3
486,3
485,3
485,0
484,0
483,0
482,1
481,1
480,1
479,1
478,3
477,3
476,3
476,0
475,0
474,0
473,0
472,1
471,1
470,1
469,3
468,3
465,3
456,3
456,0
454,1
453,1
452,3
451,3
450,3
450,0
449,0
448,0
447,0
446,1
445,1
444,1
443,3
442,7
442,4
442,0
441,1
440,3
440,0
439,1
438,1
437,1
436,1
435,3
434,3
433,3
433,0
432,0
431,0
430,1
429,1
428,3
427,3
427,0
426,0
425,0
424,1
423,1
422,1
421,3
421,0
420,0
419,0
418,1
417,1
416,1
415,1
414,3
413,3
412,3
412,0
411,1
410,1
409,1
408,4
408,0
407,0
406,1
405,1
404,3
404,0
403,1
402,1
401,1
400,3
399,4
399,0
398,3
397,3
396,4
396,0
395,1
394,1
393,1
392,3
391,3
390,3
389,3
389,0
388,0
387,0
386,1
385,3
384,4
384,1
383,3
382,3
381,3
381,0
380,0
379,0
378,1
377,1
376,1
375,1
374,4
374,0
373,1
372,3
371,3
370,3
369,3
369,0
368,0
367,0
366,3
365,3
364,4
364,0
363,1
362,1
361,1
360,3
359,3
358,3
358,0
357,0
356,1
355,3
355,0
354,1
353,1
352,3
351,4
351,0
350,0
349,1
348,1
347,1
346,3
345,4
345,0
344,3
344,0
343,1
342,3
342,0
341,1
340,4
340,1
339,5
339,1
338,1
337,3
336,6
336,0
335,3
334,4
334,0
333,0
332,1
331,1
330,1
329,3
328,3
327,4
327,0
326,3
325,3
324,3
324,0
323,0
322,1
321,3
320,3
319,4
319,0
318,3
317,3
316,3
316,0
315,1
314,1
313,3
313,0
312,0
311,0
310,1
309,4
309,0
308,0
307,1
306,1
305,1
304,3
303,4
303,0
302,0
301,1
300,1
299,1
298,4
298,0
297,0
296,1
295,1
294,1
293,1
292,3
291,3
290,3
290,0
289,0
288,0
287,0
286,1
285,1
284,1
283,3
282,3
281,3
280,3
280,0
279,0
278,0
277,1
276,1
275,1
274,3
273,3
272,3
271,3
271,0
270,0
269,0
268,1
267,4
267,0
266,0
265,1
264,1
263,1
262,3
261,3
260,3
259,3
259,0
258,0
257,0
256,1
255,1
254,3
253,3
253,0
252,0
251,0
250,1
249,1
248,5
248,1
247,1
246,1
245,1
244,3
243,3
242,3
242,0
241,0
240,1
239,4
239,1
238,1
237,3
237,0
236,0
235,1
234,1
233,4
233,0
232,0
231,1
230,4
230,0
229,1
228,3
227,6
227,1
226,3
225,3
224,3
224,0
223,0
222,4
222,0
221,1
220,1
219,1
218,3
217,3
216,3
215,3
215,0
214,0
213,0
212,1
211,1
210,1
209,5
209,3
208,3
207,4
207,1
206,1
205,1
204,3
203,3
202,3
201,6
201,4
201,1
200,3
200,0
199,0
198,0
197,0
196,1
195,1
194,1
193,4
193,0
192,0
191,0
190,1
189,1
188,1
187,3
186,6
186,0
185,1
184,3
183,5
183,1
182,3
181,3
180,3
180,0
179,3
178,3
177,3
177,0
176,3
176,0
175,8
175,5
175,2
174,3
174,0
173,0
172,3
172,0
171,0
170,0
169,5
169,0
168,0
167,5
167,3
166,16
166,13
166,11
166,8
166,5
166,1
165,3
164,4
164,0
163,5
163,1
162,6
162,3
162,1
161,3
160,4
160,1
159,1
158,3
157,3
157,0
156,0
155,1
154,16
154,13
154,10
154,8
154,5
154,2
153,3
153,0
152,1
151,1
150,3
149,3
148,3
147,3
147,0
146,3
145,5
145,3
145,0
144,1
143,1
142,3
141,4
141,0
140,1
139,4
139,0
138,3
137,5
137,0
136,4
136,1
135,1
134,5
134,3
133,4
133,0
132,0
131,1
130,1
129,1
128,11
128,8
128,5
128,2
128,0
127,7
127,4
127,2
126,3
125,7
125,4
125,1
124,11
124,8
124,6
124,3
124,0
123,4
123,1
122,4
122,0
121,4
121,0
120,0
119,3
118,3
117,4
117,0
116,1
115,1
114,1
113,3
112,3
111,3
110,3
110,0
109,0
108,0
107,1
106,1
105,1
104,3
103,3
102,3
101,3
101,0
100,0
99,0
98,1
97,4
97,0
96,3
96,0
95,0
94,1
93,3
92,6
92,3
91,4
91,1
90,1
89,1
88,4
88,0
87,4
87,0
86,40
86,36
86,33
86,31
86,24
86,21
86,18
86,14
86,11
86,8
86,6
86,3
85,10
85,8
85,5
85,1
84,1
83,3
82,3
81,3
81,0
80,10
80,7
80,4
80,1
79,1
78,5
78,3
78,0
77,1
76,9
76,1
75,1
74,1
73,3
72,3
71,3
71,0
70,0
69,0
68,1
67,3
66,6
66,3
66,1
65,4
65,1
64,17
64,15
64,12
64,8
64,6
64,2
63,5
63,2
62,1
61,3
60,5
60,3
59,6
59,1
58,6
58,3
57,7
57,4
57,2
56,5
56,1
55,3
54,5
54,0
53,3
53,0
52,1
51,6
51,3
50,6
50,3
49,3
49,0
48,0
47,0
46,1
45,13
45,9
45,5
45,1
44,4
44,0
43,4
43,0
42,3
42,0
41,1
40,3
39,5
39,3
38,9
38,6
38,4
38,1
37,6
37,3
37,0
36,4
36,0
35,1
34,3
33,6
33,3
32,6
32,0
31,1
30,5
30,1
29,5
29,3
29,0
28,12
28,9
28,7
28,4
28,1
27,25
27,22
27,19
27,10
27,8
27,5
27,1
26,24
26,21
26,16
26,9
26,7
26,4
26,0
25,25
25,22
25,19
25,17
25,14
25,11
25,8
25,6
25,3
24,9
24,7
24,4
24,0
3,5
3,3
3,0
2,133
2,131
2,128
2,123
2,120
2,118
2,115
2,112
2,110
2,107
2,103
2,101
2,98
2,95
2,92
2,90
2,87
2,84
2,82
2,79
2,76
2,73
2,71
2,68
2,65
2,35
2,32
2,29
2,26
2,24
2,21
2,18
2,16
2,13
2,9
0,485
0,277
0,359
0,276
0,510
0,275
0,274
0,367
0,273
0,376
0,272
0,271
0,509
0,270
0,472
0,269
0,345
0,268
0,386
0,267
0,405
0,266
0,355
0,265
0,383
0,264
0,479
0,263
0,372
0,262
0,401
0,261
0,437
0,260
0,432
0,259
0,403
0,258
0,496
0,257
0,256
0,342
0,255
0,326
0,254
0,336
0,253
0,410
0,252
0,471
0,251
0,250
0,502
0,249
0,397
0,248
0,511
0,247
0,301
0,246
0,339
0,245
0,503
0,244
0,498
0,242
0,241
0,483
0,240
0,436
0,239
0,506
0,238
0,344
0,237
0,394
0,236
0,366
0,235
0,341
0,234
0,347
0,233
0,493
0,232
0,316
0,231
0,230
0,385
0,229
0,470
0,228
0,389
0,227
0,313
0,226
0,404
0,225
0,469
0,224
0,494
0,223
0,380
0,222
0,393
0,221
0,399
0,220
0,219
0,340
0,218
0,391
0,217
0,492
0,216
0,395
0,215
0,392
0,214
0,309
0,213
0,343
0,212
0,368
0,211
0,346
0,210
0,468
0,209
0,489
0,208
0,431
0,207
0,388
0,206
0,205
0,204
0,484
0,203
0,362
0,202
0,429
0,201
0,500
0,200
0,350
0,199
0,348
0,198
0,400
0,197
0,487
0,196
0,396
0,195
0,382
0,194
0,306
0,193
0,331
0,192
0,486
0,63
0,317
0,62
0,381
0,61
0,439
0,60
0,365
0,59
0,505
0,58
0,387
0,57
0,478
0,56
0,327
0,55
0,482
0,54
0,430
0,53
0,390
0,52
0,335
0,51
0,379
0,50
0,475
0,49
0,490
0,48
0,384
0,47
0,504
0,46
0,45
0,414
0,6
0,5
0,1
0,433
0,11
0,4
0,2
0,3
0,7
